10 0
11 0
12 0
13 4
14 0x55013
15 80
16 0x85000
17 0
18 0x71000
19 71
20 0x51200
21 10
22 0x55012
23 10
24 0x85000
25 8
26 0x71000
27 72
28 0x51100
29 11
30 0x51115
31 0x85000
32 5
33 0x51100
34 12
35 0x51135
36 0x55035
37 4
38 0x85000
39 14
40 0x71000
41 61
42 0x51135
43 0x25000
44 1
45 13
46 0x90000
47 13
48 38
49 0x50011
50 10
51 0x50012
52 11
53 0x85000
54 12
55 0x71000
56 61
57 0x85000
58 13
59 0x71000
60 61
61 0x50011
62 10
63 0x85000
64 1
65 0x50011
66 11
67 0x55012
68 10
69 0x85000
70 9
71 0
72 0x50011
73 10
74 0x85000
75 1
76 0
77 0
78 0
79 0
80 0x85000
81 5
82 0x71000
83 118
84 0x51100
85 77
86 0x85000
87 13
88 0x71000
89 118
90 0x51200
91 78
92 0x53200
93 79
94 0x53216
95 0x53211
96 0x85000
97 15
98 0x71000
99 120
100 0x25016
101 1
102 0x91600
103 95
104 0x55014
105 78
106 0x50034
107 77
108 0x55034
109 1
110 0x55034
111 80
112 0x50011
113 79
114 0x55012
115 78
116 0x85000
117 12
118 0x60000
119 86
120 0x55014
121 78
122 0x50034
123 77
124 0x55034
125 1
126 0x55034
127 70
128 0x50011
129 79
130 0x55012
131 78
132 0x85000
133 12
134 0x60000
135 86
136 0
-1 14
